848952646,Sakiss11,,752,289,1
793941,Ramolis.,,272,292,1
848970873,thanos2006,,4209,254,2
360369,terrysn,7,3459586,9,203
437802,KONSTANTINOS+KAK,7,5444553,1,314
969971,%2AFirebird%2A,200,16402,231,3
1032580,ggiam,,1084,284,1
848983200,BarFra,,232,294,1
910812,%CE%A0%CE%9B%CE%9F%CE%A5%CE%A4%CE%A9%CE%9D%CE%91%CE%A311,113,239406,157,21
848947331,elval+1962,182,12443,237,5
848919028,TheYashGames,,0,303,0
848951114,iNikosKef,189,51819,210,5
1027225,%CE%A9%CE%BA%CE%B5%CE%B1v%CE%BF%CF%82,421,1924121,31,115
848953712,pico+apico,189,1668468,36,112
848992324,%CE%91%CE%A1%CE%A7%CE%9F%CE%9D%CE%A4%CE%91%CE%A321,182,2291,273,1
905885,PlzJustDie,,6090,249,3
775892,%CE%9C%CE%95%CE%9D%CE%91%CE%9D%CE%94%CE%A1%CE%9F%CE%A3+%CE%99%CE%99,,727,290,1
848977692,kenos,472,7364,247,5
798895,fotsis5,189,27814,222,4
848993507,Mixalakos,,4719,253,2
152719,%CE%94%CF%89%CE%B4%CF%89%CE%BD%CE%B1%CE%AF%CE%BF%CF%82,354,3936,257,1
813499,ultramike99,,563,291,1
848925043,gata1,,1001,285,1
848978065,marco,,0,299,0
848993059,kanYe,,1715,279,1
879982,nasos7070,,911,286,1
848977691,kotas,472,7434,245,5
1095122,nikolas1,189,114489,189,18
1093465,Qanon,467,2048,276,1
848990131,Pireas,189,67595,207,10
1058210,ilida,,3175,266,1
848934649,GameSpectrum2,200,1337,283,1
58502,apo46,461,2016,277,1
848990866,MSA+T-6,,0,300,0
848986371,%CE%B1%CE%B5%CF%84%CE%BF%CF%8261,189,15602,232,5
848970612,Dilo,,31372,218,7
879354,1%CF%80%CE%BB%CE%B1%CE%BD%CE%B7%CF%84%CE%B1%CF%81%CF%87%CE%B7%CF%82,,889,287,1
848978215,Nami,79,592161,98,37
859354,%CE%B3%CE%B5%CE%BF%CF%80%CE%B1,468,5663,252,2
848991472,%CE%91.%CE%9B.,182,2684,269,1
1079703,killer89,79,839288,69,57
848936374,GKJunky21,79,1633193,38,119
406389,wwespyros,,243,293,1
848977884,Vincent+Cassel,194,231721,159,21
488444,adaa10,182,2494,270,1
848983486,rantistis,79,1298851,48,113
990901,ilkar,113,2936,268,1
87116,perikilis,134,123353,187,11
906584,%CE%95%CE%A1%CE%9C%CE%97%CE%A3+%CE%A4%CE%A1%CE%99%CE%A3%CE%9C%CE%95%CE%93%CE%99%CE%A3%CE%A4%CE%9F%CE%A3,182,3066,267,1
1012551,Melodic,,17188,230,8
848977633,xarakiri,472,7580,243,5
88270,%CE%94%CE%97%CE%9C%CE%97%CE%A4%CE%A1%CE%97%CE%A3kalo,194,538194,107,53
1080310,jimrom2000,79,1447713,40,85
848869403,Hitman,113,1716,278,1
480339,ntan1997,113,154697,172,19
492977,billovits,111,13836,234,2
848938473,irulan26,113,218072,160,22
848977697,roz1,472,3686,262,2
409629,El+LIN,182,99583,192,15
848977798,goal,472,6089,250,4
848993855,ASTRAHAN,471,13889,233,5
963987,%CE%9A%CE%94.%CE%A4%CE%A6.,466,0,306,0
848989925,loukather,354,28158,220,4
974732,pan.h,,1529,281,1
848949552,Orion,,12326,239,9
848978054,foot,472,3599,263,2
207217,rakos73,7,2275993,22,151
848966787,papaflesas,79,477739,113,55
848988106,originalikos21,113,371831,131,35
848978057,oliver,472,3712,260,2
404952,Agkelioforos,7,1782687,34,134
848978276,bran,472,3437,265,2
848897120,ThumaHthon,79,579709,101,34
848978270,kong,472,7667,242,5
282456,Rtms01,134,304699,144,29
848977807,basket,472,7389,246,5
848928111,MixalisXatz,189,70285,205,7
848953025,lenakas87,113,638499,92,41
848978327,fate,472,3697,261,2
848967072,Kosamar,7,3122919,14,177
848985297,basia89,,20222,227,6
848973503,ashe,113,12746,236,7
848924206,SM1971,469,19357,228,5
848977809,scoros,472,6138,248,4
957617,mak1s76,134,451946,121,33
848965226,dim2013,79,1060266,56,70
848952938,powerfull,113,1289734,49,88
848978277,brank,472,2388,271,1
848972785,873shaky,,3824,258,1
848978059,spathi,472,2314,272,1
65873,%CE%95%CE%A0%CE%99%CE%9A%CE%9F%CE%A5%CE%A1%CE%95%CE%99%CE%9F%CE%A3,134,414804,124,34
259848,Vagos+paokara,189,166763,169,18
259210,vasilis1965,134,694023,87,64
412746,Wh1te+Wolf,113,1890071,32,111
848978055,scan,472,5935,251,4
848978274,paket,472,7454,244,5
644338,THRISS,134,620848,94,49
848888224,e1maip3tra,79,712041,86,41
848867348,Black+Swan,189,487013,111,51
848984097,Valholl,189,362049,133,26
1004715,xrsiaf,7,2875130,16,171
848950422,Berethorr,113,719700,83,52
848966715,RANDA24hrs,79,2208555,23,140
848972632,Sir+Angelot,79,657051,90,38
848982830,Samos,79,591741,99,35
848968971,Tomari1,113,103848,191,16
848927086,giannisjo,86,0,298,0
978299,dontfightme,7,3447165,11,216
848978063,orcs,,0,301,0
848942423,jimtheftik,79,999741,59,60
848977802,bilia,472,3576,264,2
848957198,RFS34,134,178787,165,30
848965202,Artyom+Alekseyevich,79,728900,80,47
843071,GranDelvEs,7,2045352,28,150
1087634,louiza,113,719197,84,54
848991792,Energy,182,17589,229,4
770007,Ivar+the+Boneless,7,2743784,17,163
848965517,katadromeas97,79,2144615,25,141
848955123,Megafire,113,2083186,27,128
848948804,JohnDo,189,236085,158,24
848942125,Nick22,113,151222,174,18
1047102,Fetaking,113,316986,142,44
1035644,RESPECT2,7,3956486,4,231
217851,arisS3neapolis,134,642515,91,50
848906389,RAMONES,194,973351,62,66
1036803,greenlykos,79,1667687,37,121
1012509,%CE%A5%CE%A0%CE%9F%CE%94%CE%99%CE%9A%CE%9F%CE%A3,79,471570,116,33
848940010,VASILIS+1972,7,3456797,10,203
848990034,Geppetto,189,138669,177,12
638542,GeorgeMMMM,189,564966,104,55
819836,DEADZONE,7,2337324,21,184
848972913,Albert+Camus,79,492879,109,33
1088235,Makavelli,7,3213977,13,192
918487,Inf3rnuS,79,372278,129,22
1084308,Warwolf66,189,551107,106,56
1070507,%CE%B5%CF%81%CF%85%CE%B8%CF%81%CF%8C%CE%BB%CE%B5%CF%85%CE%BA%CE%B7+%CF%84%CE%B1%CE%BE%CE%B9%CE%B1%CF%81%CF%87%CE%AF%CE%B1,7,2724635,18,172
848926936,la+vita+e+momenti,113,80784,201,34
848982993,ZAGAN,,38723,213,14
899567,nemesis338,7,1999079,29,147
848988270,PapaLO,,0,302,0
848977699,kaskol,472,3800,259,2
848970974,Kalogiros,134,460240,119,45
1085083,%CE%A0%CE%95%CE%9B%CE%A4%CE%91%CE%A3%CE%A4%CE%97%CE%A3,79,1367534,42,99
848965666,Queen+of+hell,189,163958,170,10
1085297,SODIE,79,965547,63,57
1074928,ngcalex,113,269304,149,28
625900,karakarag4,134,490979,110,39
848896514,Zeazy,79,1249958,50,76
414756,tsel84,189,1133404,54,79
848888815,nisiza2,,13242,235,8
701982,tsakatsoykas,134,776801,75,60
848957709,-LuCiFeR-28,79,2207657,24,164
848873386,captain1956,189,40396,212,7
848992432,Lykaon+Wolf,460,9537,241,3
979660,c00ltasc,,24703,226,19
711425,restarakias,134,151110,175,14
1048082,%CE%A0%CE%91+%CE%9B%CE%9F%CE%A5%CE%9A%CE%99+%CE%9B%CE%9F%CE%A5%CE%9A,7,2925411,15,189
536927,Jamuraa,189,1344257,43,98
535876,zizounitsa,189,1329023,44,99
473618,Covier,79,1540213,39,89
807052,SmurfHunter,7,3472740,7,209
848966788,odusseas,79,343451,136,46
65756,xristos+meliki,194,474485,115,44
848903647,SALAGIAS1,113,294528,147,27
474753,gerolimos,113,1835254,33,110
408744,sotiswar,189,988167,60,61
272898,hlias...1972,134,963966,64,86
848983669,Giorgos19,113,957111,65,70
530227,tasan.gr,134,774146,76,59
848941338,giorgosgate14,79,974562,61,63
630494,mantasdi,113,517875,108,41
848914807,KrOkoDiLakIa%CE%A3,79,2664749,19,157
623882,souylios,134,938829,66,74
513187,alani25,7,3563229,5,212
848988337,nikos1979,189,123507,186,10
848984139,PONTEFICE,113,409500,125,47
19067,h1k1,113,804403,72,56
87325,%CE%9B%CE%91%CE%96A,86,319312,140,33
848970438,ATROMITOS1923,134,129530,180,15
423334,zagorianos,134,124477,184,16
848923070,pardal,,87748,198,9
848984185,wait,,89496,196,14
78185,dimitrisps,113,135591,179,30
848970557,Kontomarkena,79,719856,82,50
848941131,liakoskappa,189,664794,88,57
990868,Alous2000,7,1387417,41,122
144299,mike5ano,189,285310,148,21
289380,adragathos,420,31443,217,3
848943086,jajaka,,463082,117,27
76871,KREONTAS,79,1001943,58,57
848907335,Indian,7,1692764,35,107
399471,%CE%A3%CE%A4%CE%91%CE%A5%CE%A1%CE%9F%CE%A3+7,,198,295,1
1011860,%CE%94%CE%B9%CE%B9%CE%BD%CE%AD%CE%BA%CE%B7%CF%82,394,0,305,0
848955547,dimitris53,113,70957,203,7
848943355,ioannis,189,1308615,47,87
492558,lazaros1263,189,30512,219,3
662750,demon+21,7,1321778,45,105
864874,XRYSAETOS+1,134,750913,77,59
460092,sotos+1974,127,58384,209,6
300505,mpliaou,194,150298,176,17
848926057,kritikos73,134,159669,171,19
791072,nixnix,113,717082,85,59
848966324,%CE%9C%CE%B5%CE%BB%CE%B1%CE%BC%CF%88%CF%8C%CF%82+%CE%91%CE%BC%CE%AD%CE%BF%CF%82,79,817769,71,59
475542,cezarius,113,1309463,46,115
877569,DreddGR,79,303456,145,23
480054,ger45,113,218005,161,24
716275,ANIVAS+XXX,,11318,240,2
796563,-fadomas-,113,1139912,53,80
848950694,Cobra2,189,903438,67,60
848988135,makein,134,371886,130,41
1094520,VARADERO7,113,27817,221,3
90831,ganischris,182,92438,194,15
851769,2goodforyou,7,4156004,2,246
848928130,%CE%A0%CE%B1%CF%81%CE%B1%CF%87%CE%B1%CF%81%CE%AC%CE%BA%CF%84%CE%B7%CF%82,189,79478,202,11
848948477,mami+chan,113,177850,166,21
848941870,kiki2000,79,1165926,52,74
985699,GrXristos7,79,2485211,20,162
912110,SharpShark,79,436038,122,25
207445,ombertos,113,614592,95,48
435975,paopanatha+13,274,2253,274,1
848976280,loukask21,113,82838,200,10
47140,eagleman,7,3427816,12,195
848930713,adoni-agapi,79,575796,103,33
487671,amkas,189,185132,163,19
260025,billele,,12379,238,3
877520,JimMakos.,79,1974327,30,117
848975495,Delos,189,248295,154,20
544479,sophiaa,,824,288,1
848906088,GeorgeMania,79,1033745,57,65
848943452,iPercepTiioN,7,2084210,26,143
848975774,lemoniths,134,419008,123,36
965151,makis2345,69,34213,216,13
848955476,Vorias,113,378025,127,28
446367,nikos19-7,7,3489776,6,219
848970918,Fox2,113,353000,134,22
699623,nikpap1,,2224,275,1
670823,FERMIDIRAK,134,48534,211,5
1056435,thanasakis,182,172312,168,19
393086,JOHN+MESI,168,83735,199,7
387815,k0stas1968,,25451,225,4
28837,aekara36,134,265884,150,29
425184,Aquarius,7,4125682,3,246
848968703,Anastasios+Skan,194,126620,182,22
586774,sotirkonst,189,180421,164,24
25895,MadGas,134,93559,193,10
848984141,badfoxx21,189,663569,89,47
557418,ssantorini,113,601278,97,49
848944552,Stefanosk83,182,1348,282,1
833017,Kostas1B,134,263917,152,27
848967785,PUMA,113,624318,93,56
848930367,Gatopardos,194,135649,178,13
848973543,paok1992,134,177089,167,19
855032,%CE%9D%CE%95%CE%A3%CE%A4%CE%A9%CE%A1%CE%91%CE%A3,189,791715,73,72
999381,GERAKAS1,134,782552,74,63
848872736,markantony,189,1118976,55,95
501610,venue1,189,26213,224,9
222409,kayraa,189,307401,143,32
848968393,Spyfighter,189,88937,197,13
848983891,RebelA48477,189,122125,188,13
255377,theodorak,113,486137,112,39
848984125,DeltaAgent,,0,297,0
848983865,niko+zonos,189,1193533,51,78
10847,amboul,113,401743,126,37
655229,rexaiakos,113,900012,68,71
703329,Despoina601,134,154067,173,18
340855,taxiarxhs+olimpiakara,189,124273,185,14
188155,aias+tlmn,189,829516,70,79
127549,zedicous,134,255106,153,27
788666,Ctrl+Alt+Delete,113,264025,151,17
715449,mariaxara.,200,127058,181,16
848952138,megas+mario,189,376887,128,38
838741,BAL+-SAGHOTH,134,239911,156,25
84410,giorgaras2013,7,3470053,8,202
848919086,polemarxos888,189,331643,138,30
1022980,kleopatra51,113,105807,190,11
848950090,TERISKESN,189,344007,135,32
848984358,Kate+K.,134,728206,81,55
925343,%CE%A4%CE%99%CE%92%CE%95%CE%A1%CE%99%CE%9F%CE%A3+%CE%91,189,463059,118,45
433453,falcon44,,4046,256,1
101914,dina+77,134,212762,162,23
848966786,medousas,,4136,255,1
848953872,Seba,189,457043,120,30
53879,Fearakos,113,474597,114,40
837860,Garfil,,1672,280,1
952009,ARISTOFANIS+22,113,612962,96,40
848954262,leonidas480b.c.,,26269,223,3
848952658,georgemigger,113,739305,78,59
814431,morgan74,189,242615,155,22
963024,giannisleba,113,125888,183,9
848983947,XronisL,,36695,214,9
1008449,chris63,,60574,208,11
1012289,%CE%95%CE%9B%CE%9B%CE%97%CE%9D%CE%91%CE%A3+%CE%9B%CE%9F%CE%A7%CE%99%CE%91%CE%A3,134,368923,132,36
848948306,AntonisManiotas91,182,70579,204,12
327774,%CE%94%CE%95%CE%A3%CE%9C%CE%9F%CE%99+%CE%91%CE%99%CE%9C%CE%91%CE%A4%CE%9F%CE%A3,189,556575,105,45
149398,ydraylikos,134,318485,141,27
848967465,Chris98,,67791,206,8
848977213,kostassagi,200,34774,215,8
848984135,Badfoxx22,189,731985,79,51
848984249,Yoga,,0,304,0
848983494,ArborMotus,194,89897,195,10
848897146,Allied,409,0,296,0
848984289,CHRISLORD,113,588065,100,52
57618,kokazel,134,322752,139,35
181785,aris.p,134,301445,146,27
924023,%CE%98%CE%9B%CE%99%CE%9C%CE%95%CE%9D%CE%9F%CE%A3+%CE%9C%CE%A0%CE%9F%CE%A5%CE%A6%CE%9F%CE%A3,134,578222,102,38
848984183,Nikhtas45,189,333048,137,25
